x	y	data
1.0	1.0	0.0
2.0	1.0	0.0
3.0	1.0	0.0
4.0	1.0	0.0
5.0	1.0	0.0
6.0	1.0	0.0
7.0	1.0	0.0
8.0	1.0	0.0
9.0	1.0	0.0
10.0	1.0	0.0
11.0	1.0	0.0
12.0	1.0	0.0
13.0	1.0	0.0
14.0	1.0	0.0
15.0	1.0	0.0
16.0	1.0	0.0
17.0	1.0	0.0
18.0	1.0	0.0
19.0	1.0	0.0
20.0	1.0	0.0
21.0	1.0	0.0
22.0	1.0	0.0
23.0	1.0	0.0
24.0	1.0	0.0
25.0	1.0	0.0
26.0	1.0	0.0
27.0	1.0	0.0
28.0	1.0	0.0
1.0	2.0	0.0
2.0	2.0	0.0
3.0	2.0	0.0
4.0	2.0	0.0
5.0	2.0	0.0
6.0	2.0	0.0
7.0	2.0	0.0
8.0	2.0	0.0
9.0	2.0	0.0
10.0	2.0	0.0
11.0	2.0	0.0
12.0	2.0	0.0
13.0	2.0	0.0
14.0	2.0	0.0
15.0	2.0	0.0
16.0	2.0	0.0
17.0	2.0	0.0
18.0	2.0	0.0
19.0	2.0	0.0
20.0	2.0	0.0
21.0	2.0	0.0
22.0	2.0	0.0
23.0	2.0	0.0
24.0	2.0	0.0
25.0	2.0	0.0
26.0	2.0	0.0
27.0	2.0	0.0
28.0	2.0	0.0
1.0	3.0	0.0
2.0	3.0	0.0
3.0	3.0	0.0
4.0	3.0	0.0
5.0	3.0	0.0
6.0	3.0	0.0
7.0	3.0	0.0
8.0	3.0	0.0
9.0	3.0	0.0
10.0	3.0	0.0
11.0	3.0	0.0
12.0	3.0	0.0
13.0	3.0	0.0
14.0	3.0	0.0
15.0	3.0	0.0
16.0	3.0	0.0
17.0	3.0	0.0
18.0	3.0	0.0
19.0	3.0	0.0
20.0	3.0	0.0
21.0	3.0	0.0
22.0	3.0	0.0
23.0	3.0	0.0
24.0	3.0	0.0
25.0	3.0	0.0
26.0	3.0	0.0
27.0	3.0	0.0
28.0	3.0	0.0
1.0	4.0	0.0
2.0	4.0	0.0
3.0	4.0	0.0
4.0	4.0	0.0
5.0	4.0	0.0
6.0	4.0	0.0
7.0	4.0	0.0
8.0	4.0	0.0
9.0	4.0	0.0
10.0	4.0	0.0
11.0	4.0	0.0
12.0	4.0	0.0
13.0	4.0	0.0
14.0	4.0	0.0
15.0	4.0	0.0
16.0	4.0	0.0
17.0	4.0	0.0
18.0	4.0	0.0
19.0	4.0	0.0
20.0	4.0	0.0
21.0	4.0	0.0
22.0	4.0	0.0
23.0	4.0	0.0
24.0	4.0	0.0
25.0	4.0	0.0
26.0	4.0	0.0
27.0	4.0	0.0
28.0	4.0	0.0
1.0	5.0	0.0
2.0	5.0	0.0
3.0	5.0	0.0
4.0	5.0	0.0
5.0	5.0	0.0
6.0	5.0	0.0
7.0	5.0	0.0
8.0	5.0	0.0
9.0	5.0	0.0
10.0	5.0	0.0
11.0	5.0	0.0
12.0	5.0	0.0
13.0	5.0	0.0
14.0	5.0	0.0
15.0	5.0	0.0
16.0	5.0	0.0
17.0	5.0	0.0
18.0	5.0	0.0
19.0	5.0	0.0
20.0	5.0	0.0
21.0	5.0	0.0
22.0	5.0	0.0
23.0	5.0	0.0
24.0	5.0	0.0
25.0	5.0	0.0
26.0	5.0	0.0
27.0	5.0	0.0
28.0	5.0	0.0
1.0	6.0	0.0
2.0	6.0	0.0
3.0	6.0	0.0
4.0	6.0	0.0
5.0	6.0	0.0
6.0	6.0	0.0
7.0	6.0	0.0
8.0	6.0	0.0
9.0	6.0	0.0
10.0	6.0	0.0
11.0	6.0	0.0
12.0	6.0	0.0
13.0	6.0	0.0
14.0	6.0	0.0
15.0	6.0	0.0
16.0	6.0	0.0
17.0	6.0	0.0
18.0	6.0	0.0
19.0	6.0	0.0
20.0	6.0	0.0
21.0	6.0	0.0
22.0	6.0	0.0
23.0	6.0	0.0
24.0	6.0	0.0
25.0	6.0	0.0
26.0	6.0	0.0
27.0	6.0	0.0
28.0	6.0	0.0
1.0	7.0	0.0
2.0	7.0	0.0
3.0	7.0	0.0
4.0	7.0	0.0
5.0	7.0	0.0
6.0	7.0	0.0
7.0	7.0	0.0
8.0	7.0	0.0
9.0	7.0	0.0
10.0	7.0	0.0
11.0	7.0	0.0
12.0	7.0	0.0
13.0	7.0	0.0
14.0	7.0	0.0
15.0	7.0	0.0
16.0	7.0	0.0
17.0	7.0	0.0
18.0	7.0	0.0
19.0	7.0	0.0
20.0	7.0	0.0
21.0	7.0	0.0
22.0	7.0	0.0
23.0	7.0	0.0
24.0	7.0	0.0
25.0	7.0	0.0
26.0	7.0	0.0
27.0	7.0	0.0
28.0	7.0	0.0
1.0	8.0	0.0
2.0	8.0	0.0
3.0	8.0	0.0
4.0	8.0	0.0
5.0	8.0	0.0
6.0	8.0	0.0
7.0	8.0	0.0
8.0	8.0	0.0
9.0	8.0	0.0
10.0	8.0	0.0
11.0	8.0	0.0
12.0	8.0	0.0
13.0	8.0	0.0
14.0	8.0	0.0
15.0	8.0	0.0
16.0	8.0	0.0
17.0	8.0	0.0
18.0	8.0	0.0
19.0	8.0	0.0
20.0	8.0	0.0
21.0	8.0	321.45901120203314
22.0	8.0	0.0
23.0	8.0	0.0
24.0	8.0	0.0
25.0	8.0	0.0
26.0	8.0	0.0
27.0	8.0	0.0
28.0	8.0	0.0
1.0	9.0	0.0
2.0	9.0	0.0
3.0	9.0	0.0
4.0	9.0	0.0
5.0	9.0	0.0
6.0	9.0	0.0
7.0	9.0	0.0
8.0	9.0	0.0
9.0	9.0	-281.57843338773984
10.0	9.0	-229.86431270865947
11.0	9.0	0.0
12.0	9.0	-386.6244345384053
13.0	9.0	-74.47567388225697
14.0	9.0	0.0
15.0	9.0	0.0
16.0	9.0	0.0
17.0	9.0	0.0
18.0	9.0	0.0
19.0	9.0	0.0
20.0	9.0	0.0
21.0	9.0	0.0
22.0	9.0	0.0
23.0	9.0	0.0
24.0	9.0	0.0
25.0	9.0	0.0
26.0	9.0	0.0
27.0	9.0	0.0
28.0	9.0	0.0
1.0	10.0	0.0
2.0	10.0	0.0
3.0	10.0	0.0
4.0	10.0	0.0
5.0	10.0	0.0
6.0	10.0	0.0
7.0	10.0	-311.4266548189801
8.0	10.0	0.0
9.0	10.0	0.0
10.0	10.0	0.0
11.0	10.0	0.0
12.0	10.0	-344.0386706709674
13.0	10.0	0.0
14.0	10.0	0.0
15.0	10.0	0.0
16.0	10.0	0.0
17.0	10.0	0.0
18.0	10.0	0.0
19.0	10.0	0.0
20.0	10.0	0.0
21.0	10.0	0.0
22.0	10.0	0.0
23.0	10.0	0.0
24.0	10.0	0.0
25.0	10.0	0.0
26.0	10.0	0.0
27.0	10.0	0.0
28.0	10.0	0.0
1.0	11.0	0.0
2.0	11.0	0.0
3.0	11.0	0.0
4.0	11.0	0.0
5.0	11.0	0.0
6.0	11.0	0.0
7.0	11.0	0.0
8.0	11.0	-264.8482885695132
9.0	11.0	0.0
10.0	11.0	0.0
11.0	11.0	0.0
12.0	11.0	0.0
13.0	11.0	0.0
14.0	11.0	-169.76963015898028
15.0	11.0	0.0
16.0	11.0	-314.6865085074823
17.0	11.0	0.0
18.0	11.0	0.0
19.0	11.0	0.0
20.0	11.0	0.0
21.0	11.0	0.0
22.0	11.0	0.0
23.0	11.0	0.0
24.0	11.0	0.0
25.0	11.0	0.0
26.0	11.0	-90.53023080037482
27.0	11.0	0.0
28.0	11.0	0.0
1.0	12.0	0.0
2.0	12.0	0.0
3.0	12.0	0.0
4.0	12.0	0.0
5.0	12.0	0.0
6.0	12.0	0.0
7.0	12.0	-369.340121153517
8.0	12.0	0.0
9.0	12.0	-358.4735908221565
10.0	12.0	0.0
11.0	12.0	0.0
12.0	12.0	0.0
13.0	12.0	0.0
14.0	12.0	0.0
15.0	12.0	0.0
16.0	12.0	0.0
17.0	12.0	0.0
18.0	12.0	0.0
19.0	12.0	0.0
20.0	12.0	0.0
21.0	12.0	0.0
22.0	12.0	0.0
23.0	12.0	0.0
24.0	12.0	0.0
25.0	12.0	0.0
26.0	12.0	-290.3202790069591
27.0	12.0	0.0
28.0	12.0	0.0
1.0	13.0	0.0
2.0	13.0	0.0
3.0	13.0	0.0
4.0	13.0	0.0
5.0	13.0	0.0
6.0	13.0	0.0
7.0	13.0	0.0
8.0	13.0	0.0
9.0	13.0	0.0
10.0	13.0	-69.23622995147099
11.0	13.0	0.0
12.0	13.0	0.0
13.0	13.0	0.0
14.0	13.0	204.4688435678173
15.0	13.0	0.0
16.0	13.0	0.0
17.0	13.0	0.0
18.0	13.0	-232.85305288095023
19.0	13.0	0.0
20.0	13.0	0.0
21.0	13.0	0.0
22.0	13.0	0.0
23.0	13.0	0.0
24.0	13.0	0.0
25.0	13.0	0.0
26.0	13.0	0.0
27.0	13.0	0.0
28.0	13.0	0.0
1.0	14.0	0.0
2.0	14.0	0.0
3.0	14.0	0.0
4.0	14.0	0.0
5.0	14.0	0.0
6.0	14.0	0.0
7.0	14.0	0.0
8.0	14.0	0.0
9.0	14.0	0.0
10.0	14.0	0.0
11.0	14.0	0.0
12.0	14.0	0.0
13.0	14.0	0.0
14.0	14.0	173.09961046689958
15.0	14.0	98.063086828187
16.0	14.0	0.0
17.0	14.0	0.0
18.0	14.0	0.0
19.0	14.0	0.0
20.0	14.0	0.0
21.0	14.0	0.0
22.0	14.0	0.0
23.0	14.0	0.0
24.0	14.0	0.0
25.0	14.0	-198.13651657639298
26.0	14.0	0.0
27.0	14.0	0.0
28.0	14.0	0.0
1.0	15.0	0.0
2.0	15.0	0.0
3.0	15.0	0.0
4.0	15.0	0.0
5.0	15.0	216.8549618880402
6.0	15.0	0.0
7.0	15.0	0.0
8.0	15.0	0.0
9.0	15.0	0.0
10.0	15.0	0.0
11.0	15.0	0.0
12.0	15.0	0.0
13.0	15.0	317.05023189855126
14.0	15.0	0.0
15.0	15.0	387.8760035048051
16.0	15.0	0.0
17.0	15.0	0.0
18.0	15.0	0.0
19.0	15.0	0.0
20.0	15.0	0.0
21.0	15.0	0.0
22.0	15.0	0.0
23.0	15.0	0.0
24.0	15.0	0.0
25.0	15.0	0.0
26.0	15.0	0.0
27.0	15.0	0.0
28.0	15.0	0.0
1.0	16.0	0.0
2.0	16.0	0.0
3.0	16.0	0.0
4.0	16.0	0.0
5.0	16.0	236.43091413032437
6.0	16.0	0.0
7.0	16.0	0.0
8.0	16.0	0.0
9.0	16.0	0.0
10.0	16.0	0.0
11.0	16.0	0.0
12.0	16.0	0.0
13.0	16.0	0.0
14.0	16.0	0.0
15.0	16.0	0.0
16.0	16.0	0.0
17.0	16.0	0.0
18.0	16.0	0.0
19.0	16.0	0.0
20.0	16.0	144.44609519683962
21.0	16.0	0.0
22.0	16.0	0.0
23.0	16.0	0.0
24.0	16.0	0.0
25.0	16.0	0.0
26.0	16.0	-287.356215449915
27.0	16.0	0.0
28.0	16.0	0.0
1.0	17.0	0.0
2.0	17.0	0.0
3.0	17.0	0.0
4.0	17.0	0.0
5.0	17.0	453.21420812105885
6.0	17.0	0.0
7.0	17.0	0.0
8.0	17.0	0.0
9.0	17.0	0.0
10.0	17.0	0.0
11.0	17.0	0.0
12.0	17.0	0.0
13.0	17.0	0.0
14.0	17.0	0.0
15.0	17.0	0.0
16.0	17.0	92.44019944580863
17.0	17.0	0.0
18.0	17.0	0.0
19.0	17.0	0.0
20.0	17.0	0.0
21.0	17.0	295.9270981835458
22.0	17.0	0.0
23.0	17.0	0.0
24.0	17.0	0.0
25.0	17.0	-149.8165895048632
26.0	17.0	0.0
27.0	17.0	0.0
28.0	17.0	0.0
1.0	18.0	0.0
2.0	18.0	0.0
3.0	18.0	0.0
4.0	18.0	0.0
5.0	18.0	0.0
6.0	18.0	77.38181073712259
7.0	18.0	0.0
8.0	18.0	-192.337361074905
9.0	18.0	0.0
10.0	18.0	0.0
11.0	18.0	0.0
12.0	18.0	0.0
13.0	18.0	0.0
14.0	18.0	0.0
15.0	18.0	0.0
16.0	18.0	0.0
17.0	18.0	0.0
18.0	18.0	0.0
19.0	18.0	0.0
20.0	18.0	0.0
21.0	18.0	0.0
22.0	18.0	0.0
23.0	18.0	0.0
24.0	18.0	0.0
25.0	18.0	0.0
26.0	18.0	0.0
27.0	18.0	0.0
28.0	18.0	0.0
1.0	19.0	0.0
2.0	19.0	0.0
3.0	19.0	0.0
4.0	19.0	0.0
5.0	19.0	0.0
6.0	19.0	194.99025410241052
7.0	19.0	0.0
8.0	19.0	0.0
9.0	19.0	-116.50725730188485
10.0	19.0	0.0
11.0	19.0	0.0
12.0	19.0	0.0
13.0	19.0	-96.28850799942968
14.0	19.0	0.0
15.0	19.0	-436.9184211973195
16.0	19.0	0.0
17.0	19.0	-324.29908348224393
18.0	19.0	0.0
19.0	19.0	0.0
20.0	19.0	0.0
21.0	19.0	0.0
22.0	19.0	382.9151270613624
23.0	19.0	0.0
24.0	19.0	0.0
25.0	19.0	0.0
26.0	19.0	0.0
27.0	19.0	0.0
28.0	19.0	0.0
1.0	20.0	0.0
2.0	20.0	0.0
3.0	20.0	0.0
4.0	20.0	0.0
5.0	20.0	0.0
6.0	20.0	355.00594932750977
7.0	20.0	0.0
8.0	20.0	0.0
9.0	20.0	0.0
10.0	20.0	0.0
11.0	20.0	0.0
12.0	20.0	0.0
13.0	20.0	0.0
14.0	20.0	0.0
15.0	20.0	0.0
16.0	20.0	-385.39828177518626
17.0	20.0	0.0
18.0	20.0	0.0
19.0	20.0	0.0
20.0	20.0	0.0
21.0	20.0	0.0
22.0	20.0	0.0
23.0	20.0	0.0
24.0	20.0	0.0
25.0	20.0	0.0
26.0	20.0	0.0
27.0	20.0	0.0
28.0	20.0	0.0
1.0	21.0	0.0
2.0	21.0	0.0
3.0	21.0	0.0
4.0	21.0	0.0
5.0	21.0	0.0
6.0	21.0	0.0
7.0	21.0	209.47676535549158
8.0	21.0	0.0
9.0	21.0	0.0
10.0	21.0	0.0
11.0	21.0	-205.838691044238
12.0	21.0	0.0
13.0	21.0	0.0
14.0	21.0	0.0
15.0	21.0	0.0
16.0	21.0	0.0
17.0	21.0	0.0
18.0	21.0	0.0
19.0	21.0	0.0
20.0	21.0	0.0
21.0	21.0	0.0
22.0	21.0	262.22742004710466
23.0	21.0	0.0
24.0	21.0	0.0
25.0	21.0	0.0
26.0	21.0	0.0
27.0	21.0	0.0
28.0	21.0	0.0
1.0	22.0	0.0
2.0	22.0	0.0
3.0	22.0	0.0
4.0	22.0	0.0
5.0	22.0	0.0
6.0	22.0	181.30263753467122
7.0	22.0	0.0
8.0	22.0	0.0
9.0	22.0	0.0
10.0	22.0	0.0
11.0	22.0	0.0
12.0	22.0	0.0
13.0	22.0	-292.6716819084086
14.0	22.0	0.0
15.0	22.0	0.0
16.0	22.0	0.0
17.0	22.0	0.0
18.0	22.0	0.0
19.0	22.0	0.0
20.0	22.0	0.0
21.0	22.0	0.0
22.0	22.0	0.0
23.0	22.0	0.0
24.0	22.0	0.0
25.0	22.0	0.0
26.0	22.0	0.0
27.0	22.0	0.0
28.0	22.0	0.0
1.0	23.0	0.0
2.0	23.0	0.0
3.0	23.0	0.0
4.0	23.0	0.0
5.0	23.0	0.0
6.0	23.0	0.0
7.0	23.0	0.0
8.0	23.0	0.0
9.0	23.0	0.0
10.0	23.0	0.0
11.0	23.0	0.0
12.0	23.0	0.0
13.0	23.0	0.0
14.0	23.0	0.0
15.0	23.0	0.0
16.0	23.0	0.0
17.0	23.0	0.0
18.0	23.0	0.0
19.0	23.0	0.0
20.0	23.0	0.0
21.0	23.0	0.0
22.0	23.0	0.0
23.0	23.0	0.0
24.0	23.0	0.0
25.0	23.0	0.0
26.0	23.0	0.0
27.0	23.0	0.0
28.0	23.0	0.0
1.0	24.0	0.0
2.0	24.0	0.0
3.0	24.0	0.0
4.0	24.0	0.0
5.0	24.0	0.0
6.0	24.0	0.0
7.0	24.0	0.0
8.0	24.0	0.0
9.0	24.0	0.0
10.0	24.0	0.0
11.0	24.0	0.0
12.0	24.0	0.0
13.0	24.0	0.0
14.0	24.0	0.0
15.0	24.0	0.0
16.0	24.0	0.0
17.0	24.0	0.0
18.0	24.0	0.0
19.0	24.0	0.0
20.0	24.0	0.0
21.0	24.0	0.0
22.0	24.0	0.0
23.0	24.0	0.0
24.0	24.0	0.0
25.0	24.0	0.0
26.0	24.0	0.0
27.0	24.0	0.0
28.0	24.0	0.0
1.0	25.0	0.0
2.0	25.0	0.0
3.0	25.0	0.0
4.0	25.0	0.0
5.0	25.0	0.0
6.0	25.0	0.0
7.0	25.0	0.0
8.0	25.0	0.0
9.0	25.0	0.0
10.0	25.0	0.0
11.0	25.0	0.0
12.0	25.0	0.0
13.0	25.0	0.0
14.0	25.0	0.0
15.0	25.0	0.0
16.0	25.0	0.0
17.0	25.0	0.0
18.0	25.0	0.0
19.0	25.0	0.0
20.0	25.0	0.0
21.0	25.0	0.0
22.0	25.0	0.0
23.0	25.0	0.0
24.0	25.0	0.0
25.0	25.0	0.0
26.0	25.0	0.0
27.0	25.0	0.0
28.0	25.0	0.0
1.0	26.0	0.0
2.0	26.0	0.0
3.0	26.0	0.0
4.0	26.0	0.0
5.0	26.0	0.0
6.0	26.0	0.0
7.0	26.0	0.0
8.0	26.0	0.0
9.0	26.0	0.0
10.0	26.0	0.0
11.0	26.0	0.0
12.0	26.0	0.0
13.0	26.0	0.0
14.0	26.0	0.0
15.0	26.0	0.0
16.0	26.0	0.0
17.0	26.0	0.0
18.0	26.0	0.0
19.0	26.0	0.0
20.0	26.0	0.0
21.0	26.0	0.0
22.0	26.0	0.0
23.0	26.0	0.0
24.0	26.0	0.0
25.0	26.0	0.0
26.0	26.0	0.0
27.0	26.0	0.0
28.0	26.0	0.0
1.0	27.0	0.0
2.0	27.0	0.0
3.0	27.0	0.0
4.0	27.0	0.0
5.0	27.0	0.0
6.0	27.0	0.0
7.0	27.0	0.0
8.0	27.0	0.0
9.0	27.0	0.0
10.0	27.0	0.0
11.0	27.0	0.0
12.0	27.0	0.0
13.0	27.0	0.0
14.0	27.0	0.0
15.0	27.0	0.0
16.0	27.0	0.0
17.0	27.0	0.0
18.0	27.0	0.0
19.0	27.0	0.0
20.0	27.0	0.0
21.0	27.0	0.0
22.0	27.0	0.0
23.0	27.0	0.0
24.0	27.0	0.0
25.0	27.0	0.0
26.0	27.0	0.0
27.0	27.0	0.0
28.0	27.0	0.0
1.0	28.0	0.0
2.0	28.0	0.0
3.0	28.0	0.0
4.0	28.0	0.0
5.0	28.0	0.0
6.0	28.0	0.0
7.0	28.0	0.0
8.0	28.0	0.0
9.0	28.0	0.0
10.0	28.0	0.0
11.0	28.0	0.0
12.0	28.0	0.0
13.0	28.0	0.0
14.0	28.0	0.0
15.0	28.0	0.0
16.0	28.0	0.0
17.0	28.0	0.0
18.0	28.0	0.0
19.0	28.0	0.0
20.0	28.0	0.0
21.0	28.0	0.0
22.0	28.0	0.0
23.0	28.0	0.0
24.0	28.0	0.0
25.0	28.0	0.0
26.0	28.0	0.0
27.0	28.0	0.0
28.0	28.0	0.0
